500 500
66142316 404842707
756144625 507451201
74756164 941876625
18457532 771056928
30424670 832261054
43503439 456315996
638824529 453090744
912083918 656120734
92632187 90989675
841051411 606661895
707075081 783850710
159670397 373270470
550018175 31328662
407311913 660921996
123526260 75105521
371068783 260508187
789409517 244742825
754437542 881278278
242266759 941385573
355281156 998812004
946644401 693573825
147002631 859986939
28501235 717343714
215568712 51391867
247644347 128193915
421993236 94793183
903627448 55128724
775974183 922867222
502484714 366319
861739333 416216135
783304438 715895128
491503927 484377921
622174242 784591245
75445329 787254545
533350420 216728134
210444598 829753749
59922666 536357369
214912449 113502930
116722677 105445822
346883351 443340424
601717919 365532682
350034079 65039814
847939347 615106731
112534453 580925405
945584345 850060387
549182590 227058518
94054501 226017309
921807661 667290741
788841125 281713069
697575889 837699222
100996194 723913200
107253917 316259889
357911292 313372591
223217687 758695872
791091659 599216008
118103798 695626352
491106990 255508703
160439093 407842260
630024368 725156460
527888267 756119484
84906414 92941684
643233391 183885311
124415716 198828406
224448104 317982990
46277319 393803413
109345431 670123826
12376839 859086155
921410076 427530587
819254619 694703810
811307703 274872712
341307659 221965448
187151469 184158400
626276667 14571516
883295426 139239912
33966104 430621598
437290390 850527890
171075992 586555983
296449745 61764947
641824500 126974391
252806191 190981565
132072462 391244677
847320997 959916516
419711342 397706371
281851127 515927979
810043308 144517348
99046273 370867080
165453160 572899027
544740482 523455585
270477108 833340298
855004524 247935985
734786487 170994884
577878896 489536532
423603439 387671240
918107454 961958877
385934317 790413651
941353787 821053854
869675397 653657669
291066603 136115596
63194620 255039916
871470572 967414258
732725963 254011437
765693195 283498735
289988224 191668919
947012905 444569612
578822743 965882463
757651162 412519865
937120311 328961651
28522751 78963126
574305186 201229609
926761279 170886234
692260571 549979123
729486767 499935440
458896210 847786865
992803982 108571478
547197637 18670377
846354127 535096533
853383336 563411611
3529648 133697239
220057814 544822958
116651139 489063812
68532987 221134420
459470824 767906128
969041667 960280193
89579740 973615405
876188536 598318845
71870786 46473882
195449038 409468597
46582916 235004898
297855625 68069990
236499851 8232001
354744102 769501436
864095812 573874464
552019543 456065933
523961560 184464345
473326988 720220600
175267833 526372388
48544895 436204755
577108199 421333935
898823158 913805280
315259388 722360161
982152630 479924762
939858574 460812727
846433379 867084897
64797109 63763706
875228661 852590318
120059967 360704030
799258501 627397516
525327836 879650029
594649 49809280
773413471 834653578
659486436 825410879
83750574 432565136
890078851 184146949
433819710 500867599
93306994 133526198
640339021 930332602
64569779 537995690
980369732 225024065
260741282 412069888
816807813 373424661
994022665 56602414
567456827 64976834
936918134 78456459
62730349 41971807
483980736 743641957
828507531 442089563
53333562 314952438
5902452 4203352
364717063 674311075
667994078 724924202
126316777 85189575
995534826 908709999
932722570 430572662
762306685 993978565
522435136 654165010
228012202 90235960
265286710 290645570
147759837 908467721
8239871 48541683
589242093 344743928
993280062 667597097
495315476 120572554
31314082 162265853
45426522 565317272
819719370 915839279
495447298 981599839
572079591 450360090
115138727 253801936
746598604 335771201
867017732 83438601
631685866 378160866
345546583 598600765
515132932 332590261
737545258 647523916
634800057 178761475
907449944 82331008
757765982 194815958
152206203 476613438
328032350 649167795
346186999 624654242
309256883 769990035
486044617 71551572
562368634 447062963
534900060 698745272
371187902 908036151
344777469 557003649
472073242 123348048
227380084 203646969
398636437 881084860
138974080 422621465
63503398 588177977
432994070 302216579
555201292 451651623
701602457 792750894
775712664 29506105
987851119 410643848
471673650 56877667
105688126 124319385
727276936 14011469
853498663 708733922
392198917 59868570
981670966 620027433
210394381 133240277
129832068 37143296
142596367 25373311
247459065 161642988
166869055 102031244
585624305 670123128
355150622 952410713
616710425 296015747
210011502 347665287
700436894 884991445
372438765 456454122
812824564 998951775
355313373 747304545
108598284 997726079
22855749 322940980
770836663 475914462
465244600 170995245
376924801 691333529
356074827 305654972
362213974 761588614
810261150 658304195
75817793 604806052
728176485 745840914
486177253 5797530
802305789 303559404
649224597 946353144
93384720 499404855
131288703 896487624
315190988 365739939
892940253 31090129
486233654 746707715
815094709 498573144
37623808 983132032
760865000 740403956
94515899 538282554
359242039 204400950
185893222 866142610
260165029 316920305
720104769 730484932
889203997 512861300
807976883 921334372
155173459 955161149
953153112 563813605
110370443 156104843
222041439 671353628
354306230 645616251
784929107 104419600
279039373 503418735
20576806 675451625
509865105 636029977
375190445 813804717
292514070 693889701
367984691 758760049
722230851 956323107
154828395 243616373
356533023 564104203
552000088 336107170
71197774 265558011
555434183 863861944
938222282 522435425
659022233 258980577
884672011 298678821
225644702 747347684
40656879 420348801
728566618 860355304
984182271 232362697
987540005 476718144
87826092 210319458
81030838 380645262
151117215 501344945
171621559 372987386
294214103 349056921
467309415 721624020
494732725 709189663
816408385 102689206
113594826 75261593
53708662 738333688
13765044 213822404
972985791 31684273
527572205 739032744
25381001 815178404
905235009 156119040
815155487 165563921
641480576 789094664
247975748 610104650
587399897 447726814
161847004 448282320
701280336 821314188
595636572 442570131
185800281 304083223
863115942 930563481
4490907 902686654
275589495 857882727
22748503 874962527
674643474 812173130
787718772 100184090
752761732 633227019
510515573 38048840
329688846 572608656
959442379 40825371
543183707 335563346
521082394 393466686
892425683 972646727
628002919 110401469
677558825 418353506
405898258 523942528
12077168 555956461
258875124 112323440
181913561 551973240
677851412 247917343
628491815 737341953
171039006 319437350
867385722 32817012
445185177 394226885
784188394 747179513
509174176 761004509
937648072 609106190
986151853 122872666
827569398 854757408
35119598 844547502
235921216 873048144
711863098 444652421
823109959 66893780
588269782 35498480
769966335 880697295
422125135 164136029
265219849 166912743
688811813 923266955
423841235 296362740
953976981 378194359
908463434 729166840
565373292 406742441
679740680 936073561
916103577 642536490
208488439 519349210
121592834 792269444
273917102 312755918
596212811 182979347
930264297 271072713
899233876 226808118
180548995 92548948
691991802 682250903
968697160 612601985
757919949 280550611
487497106 506709009
131132033 617840003
953480370 621587870
666855276 912431811
60707444 255262177
666548974 59381391
590609523 497798399
694365053 767291167
223326728 798369381
509321783 94351711
719237063 824830650
921776359 348219449
631324462 100999848
430820909 639626720
696107930 142537495
621868763 92856633
6759812 588488765
568462114 780966267
279982199 524131210
95309670 994289869
105049101 328665867
559269779 111235928
231452200 717202455
988912346 273838283
135528632 142530329
62956292 189923445
882623867 589766034
206180658 387179589
244863685 638247915
144852412 80994558
918370949 888530626
725911716 543595399
812419849 639357711
824346030 12197538
993057895 81119975
878770821 49109900
194825555 668008051
959768413 78027868
94830931 390574437
674520621 894866406
191688895 282749537
583119320 518513173
955220857 956665468
259417359 428711075
332363612 223222809
844781326 225338959
51176024 560433271
338693149 584073887
175030144 471995590
25272306 697351677
216851785 348184730
47802229 253162019
728931820 910359446
383185819 48069421
34847825 10299494
97865670 441782438
979429559 603405630
813604048 7816059
953941496 574776542
887880382 889184112
971632683 764834587
885259608 584487012
675971078 650377088
988916558 344629367
215336982 451673051
707237784 223432737
432578997 916019256
18332021 809077198
86975754 158095643
676183756 136910362
97451391 128467648
934677895 288486654
724585693 524941886
835439320 980550348
320174952 733865723
875583512 19615065
105382658 285286003
618335511 484527316
985572360 973268403
339093216 865549015
21032099 92131557
705309362 817677466
957297103 344909991
843838678 414639552
262499143 891668657
134212627 646754411
232126335 516992587
168535719 841860612
529022642 494207286
468070978 636311479
18448687 829420435
752881562 706747604
574912065 18131796
591379270 757055768
143151142 198015657
596961190 876083318
184424988 604832467
24649743 971353571
161745075 528140195
902327508 36378683
969626136 400537510
265658997 312243660
576627193 572495612
206995518 843124658
299007294 96818050
221323696 345665262
652776493 868032169
953212084 200450940
370068209 623730145
164849202 159595156
901673561 782909689
523799626 757806901
528036522 307379044
66899598 247579399
36612879 172317505
125312151 25804500
697496578 859224314
95964742 705140247
122845308 929289983
75646491 666195563
562053655 802683273
998460629 690557139
192189979 114533737
616131819 954297871
476425295 106375174
141138308 82558040
864482668 278807246
104048962 699198870
404874900 504233798
479933696 90012312
801402068 940084664
965740063 511818009
453254222 512175017
804015315 911254053
